allig boi	560.0 461.78783006917797 0.0 0.0 0.0 388.16242111356934 4.0 2.8284271247461903 0.0 0.0 0.0 2.772588722239781 560.0 461.78783006917797 0.0 0.0 0.0 388.16242111356934 560.0 461.78783006917797 0.0 0.0 0.0 388.16242111356934
allig instant	560.0 461.78783006917797 0.0 0.0 0.0 388.16242111356934 4.0 2.8284271247461903 0.0 0.0 0.0 2.772588722239781 560.0 461.78783006917797 0.0 0.0 0.0 388.16242111356934 560.0 461.78783006917797 0.0 0.0 0.0 388.16242111356934
allig lizard	0.0 0.0 1.0 1.0 1.0 0.0 0.0 0.0 1.0 1.0 1.0 0.0 0.0 0.0 1.0 1.0 1.0 0.0 0.0 0.0 1.0 1.0 1.0 0.0
allig turtl	0.0 0.0 1.0 1.0 1.0 0.0 0.0 0.0 1.0 1.0 1.0 0.0 0.0 0.0 1.0 1.0 1.0 0.0 0.0 0.0 1.0 1.0 1.0 0.0
allig walk	0.0 0.0 1.0 1.0 1.0 0.0 0.0 0.0 1.0 1.0 1.0 0.0 0.0 0.0 1.0 1.0 1.0 0.0 0.0 0.0 1.0 1.0 1.0 0.0
boi instant	0.0 0.0 1.0 1.0 1.0 0.0 0.0 0.0 1.0 1.0 1.0 0.0 0.0 0.0 1.0 1.0 1.0 0.0 0.0 0.0 1.0 1.0 1.0 0.0
boi lizard	560.0 461.78783006917797 0.0 0.0 0.0 388.16242111356934 4.0 2.8284271247461903 0.0 0.0 0.0 2.772588722239781 560.0 461.78783006917797 0.0 0.0 0.0 388.16242111356934 560.0 461.78783006917797 0.0 0.0 0.0 388.16242111356934
boi turtl	560.0 461.78783006917797 0.0 0.0 0.0 388.16242111356934 4.0 2.8284271247461903 0.0 0.0 0.0 2.772588722239781 560.0 461.78783006917797 0.0 0.0 0.0 388.16242111356934 560.0 461.78783006917797 0.0 0.0 0.0 388.16242111356934
boi walk	560.0 461.78783006917797 0.0 0.0 0.0 388.16242111356934 4.0 2.8284271247461903 0.0 0.0 0.0 2.772588722239781 560.0 461.78783006917797 0.0 0.0 0.0 388.16242111356934 560.0 461.78783006917797 0.0 0.0 0.0 388.16242111356934
instant lizard	560.0 461.78783006917797 0.0 0.0 0.0 388.16242111356934 4.0 2.8284271247461903 0.0 0.0 0.0 2.772588722239781 560.0 461.78783006917797 0.0 0.0 0.0 388.16242111356934 560.0 461.78783006917797 0.0 0.0 0.0 388.16242111356934
instant turtl	560.0 461.78783006917797 0.0 0.0 0.0 388.16242111356934 4.0 2.8284271247461903 0.0 0.0 0.0 2.772588722239781 560.0 461.78783006917797 0.0 0.0 0.0 388.16242111356934 560.0 461.78783006917797 0.0 0.0 0.0 388.16242111356934
instant walk	560.0 461.78783006917797 0.0 0.0 0.0 388.16242111356934 4.0 2.8284271247461903 0.0 0.0 0.0 2.772588722239781 560.0 461.78783006917797 0.0 0.0 0.0 388.16242111356934 560.0 461.78783006917797 0.0 0.0 0.0 388.16242111356934
lizard turtl	0.0 0.0 1.0 1.0 1.0 0.0 0.0 0.0 1.0 1.0 1.0 0.0 0.0 0.0 1.0 1.0 1.0 0.0 0.0 0.0 1.0 1.0 1.0 0.0
lizard walk	0.0 0.0 1.0 1.0 1.0 0.0 0.0 0.0 1.0 1.0 1.0 0.0 0.0 0.0 1.0 1.0 1.0 0.0 0.0 0.0 1.0 1.0 1.0 0.0
turtl walk	0.0 0.0 1.0 1.0 1.0 0.0 0.0 0.0 1.0 1.0 1.0 0.0 0.0 0.0 1.0 1.0 1.0 0.0 0.0 0.0 1.0 1.0 1.0 0.0
